-1.0625973 -1.1897094 0.7462151 0.024815924 0.09024221 -1.8833787 0.03441543 -0.78710324 -0.7786884 0.8754345 2.474067 -1.1583419 -0.105999984 0.30105802 0.023031306 0.97956085
0.1485574 -0.98751664 -1.6442451 -0.15655051 0.08343163 0.49219632 -1.1054326 -0.27496427 -0.23859909 0.49518225 0.7460284 -0.27106333 -1.39408 -0.77539414 -0.20883048 1.0239645
-0.8837476 0.29684088 2.6900518 0.15573981 -0.20381744 -2.9083698 0.9039588 -2.2779005 -0.5938946 0.4550205 2.4587188 -1.9321034 1.3984648 3.2008572 -1.4825649 0.4895249
1.1104846 0.11877096 0.967628 0.192092 -0.21562688 -0.117703676 0.22826235 -0.1440798 0.1389977 1.1799188 0.20816052 -0.71306896 0.008053271 0.38124102 -0.7108452 -1.767492
-0.68821144 -1.4249228 0.7777918 0.3546952 0.49627048 -0.9517199 0.6549859 0.34025216 0.13070843 1.9945893 0.53036636 0.75988424 -0.7312193 -2.6836872 0.70347863 -0.8145284
0.38586307 0.7223362 0.13532528 -0.05518913 -0.2228757 -0.38624507 -0.35371998 -2.1009188 -0.042129867 -0.16940176 0.61627966 -1.1203098 0.10964626 2.471968 -2.084585 0.7804338
-1.3084376 -0.44529116 3.0163205 0.5031084 0.33712566 -2.8041427 1.7030485 -1.2454127 -0.018498324 1.6676732 1.4304023 -0.21870852 0.8898237 0.037632454 -0.4561444 -0.69021064
1.5388694 0.5300722 -1.7897205 -0.0366427 -0.008090135 1.9853387 -0.95086 -0.8162771 0.74800456 0.2876526 -1.608795 0.5171262 -1.3477612 -0.29445451 -1.6291575 -0.2243904
-0.851218 0.09999171 0.6009379 0.20050108 0.5446258 -0.63907796 0.5577134 -2.045975 0.7438385 0.9376212 -0.68348825 1.2586713 -0.41654414 -0.68974984 -1.3572536 0.6233195
0.6499215 -0.8619505 -1.5838494 0.15210189 0.48696202 1.6138799 -0.4681423 0.47123325 0.7843086 1.4870168 -1.5356201 1.7013483 -1.9444914 -3.425611 0.059432235 -0.7207989
